70
0 9
0 30
0 43
0 48
0 61
1 26
1 39
2 35
2 50
2 53
2 59
3 8
4 21
5 28
5 47
6 62
6 67
7 59
8 56
9 13
10 63
12 45
12 49
12 53
12 61
13 0
13 39
14 1
15 5
15 65
16 22
17 69
18 15
18 43
18 52
19 3
19 52
20 53
21 15
21 32
21 64
23 19
23 24
23 25
23 59
23 66
24 17
24 44
25 15
25 33
26 20
26 21
26 22
26 25
27 3
27 16
28 3
28 53
29 31
29 32
30 52
31 52
33 1
33 3
33 67
34 48
36 24
36 35
36 59
37 9
37 42
37 55
37 67
38 64
38 67
39 17
40 41
40 46
40 68
41 3
41 4
41 14
41 34
41 39
41 55
42 6
42 11
42 49
43 8
43 56
43 63
44 2
44 22
44 42
45 58
46 36
46 39
48 11
48 38
48 55
49 5
49 15
50 49
50 62
51 14
51 68
52 43
52 55
53 4
53 23
54 15
54 21
54 24
54 46
54 50
55 58
56 13
57 28
57 46
58 12
58 26
59 38
60 14
60 22
61 18
61 46
62 7
62 31
64 28
64 41
64 57
64 65
64 68
65 36
66 52
67 5
67 15
67 55
67 64
68 4
68 11
