50
1 8
1 35
1 38
2 4
2 48
3 11
3 19
3 39
4 21
4 31
4 39
4 44
4 48
5 9
5 24
6 46
7 10
7 48
8 10
8 38
8 40
9 3
9 17
9 49
10 21
10 32
10 35
11 5
11 34
11 42
12 35
12 38
13 10
13 26
15 7
15 31
15 35
16 22
16 26
16 41
17 20
17 45
18 17
19 8
19 18
19 38
20 11
20 24
20 37
22 13
22 42
23 15
23 25
23 45
25 11
25 37
25 38
26 12
26 18
26 34
28 8
28 19
28 25
29 6
29 14
29 30
30 12
31 20
31 35
32 41
35 6
35 17
35 45
35 46
36 25
36 32
37 30
38 42
40 19
40 27
40 34
40 38
41 35
42 6
42 17
42 24
43 13
43 24
43 44
44 14
45 6
45 20
45 47
46 4
46 16
46 31
47 21
47 26
48 37
49 27
49 30
