70
0 45
1 7
2 3
2 36
2 42
2 51
2 59
3 52
3 65
4 8
4 54
5 52
6 2
6 55
7 36
9 63
10 3
10 9
11 25
11 44
12 61
14 2
14 4
14 5
14 10
14 26
15 31
16 2
16 5
16 44
16 49
18 20
18 43
18 65
18 68
19 36
19 46
19 54
20 34
20 50
21 10
22 23
22 28
22 29
23 17
23 33
24 50
24 58
25 36
26 31
26 54
27 3
27 30
28 36
29 25
29 31
30 47
31 59
31 65
32 4
32 61
33 2
33 25
33 54
35 6
35 9
36 33
37 41
40 11
40 61
41 9
42 22
42 60
42 62
43 20
43 40
43 58
44 21
44 25
44 52
45 22
47 25
47 43
47 53
47 65
47 67
49 29
49 34
49 57
49 67
50 5
50 16
50 30
50 52
50 62
51 17
52 36
52 62
53 18
53 40
53 64
54 25
54 30
54 64
55 29
55 32
55 47
56 58
57 28
59 37
59 49
59 54
59 62
60 31
60 49
61 38
61 48
61 69
62 39
62 63
63 0
63 15
63 45
64 15
64 60
65 5
65 11
65 58
66 24
66 30
66 32
66 35
66 38
67 9
67 51
67 58
68 4
68 20
68 35
69 53
69 62
