70
0 13
1 26
1 69
2 28
2 29
2 35
3 30
4 20
4 50
4 52
5 24
5 34
5 65
6 23
6 61
7 1
7 40
7 44
7 67
8 0
8 10
10 21
10 47
10 68
11 5
11 61
12 48
12 57
13 7
13 22
13 28
14 35
14 41
15 5
15 25
15 69
16 0
16 2
16 42
16 50
17 28
17 29
18 10
19 21
19 22
19 65
20 56
20 60
23 9
23 35
24 7
25 26
26 28
26 55
27 62
28 25
28 42
29 28
30 46
31 0
31 13
31 64
32 14
33 14
33 31
33 50
33 61
34 9
34 41
34 42
34 44
34 45
34 61
36 0
36 23
38 29
38 49
39 6
39 10
39 21
39 62
39 67
40 23
40 37
40 52
41 37
42 11
42 24
42 26
43 27
43 68
44 48
45 54
45 56
45 68
46 7
47 16
47 20
47 33
48 15
48 45
49 1
50 43
51 10
52 46
52 69
53 17
53 45
53 55
53 63
54 37
55 21
56 65
57 35
57 44
57 45
57 67
58 23
59 4
59 5
59 10
59 19
59 20
59 35
59 43
60 6
60 56
60 67
62 15
62 54
63 17
64 1
64 69
65 25
65 32
66 18
66 19
66 58
67 42
68 64
69 3
