50
0 2
0 18
0 29
0 46
1 43
2 3
2 29
3 16
3 18
4 10
4 16
6 42
7 44
7 49
8 16
9 3
9 15
10 27
11 3
11 9
12 7
12 28
12 31
13 11
13 25
15 11
16 34
17 3
17 29
17 39
18 20
18 32
18 36
19 4
19 10
19 24
19 40
19 42
20 13
20 29
21 26
21 28
21 48
22 10
22 18
22 24
23 1
23 4
24 9
25 10
25 29
26 17
26 19
28 6
29 35
30 15
30 39
31 8
31 25
32 48
34 13
34 18
35 8
35 24
35 46
35 49
36 8
37 45
37 49
38 1
38 14
38 36
39 28
39 29
39 45
40 0
40 32
40 49
41 2
42 0
42 5
42 45
42 46
43 16
43 21
43 24
44 12
44 45
44 48
44 49
45 3
45 6
45 47
46 4
46 5
46 10
46 25
47 27
48 3
48 19
49 12
