50
1 37
2 27
2 33
2 46
2 49
3 15
3 21
3 30
4 28
4 38
5 17
5 18
5 27
6 28
6 30
7 2
8 1
8 40
8 46
10 27
10 31
11 31
11 32
11 36
12 31
12 35
12 42
13 48
14 22
14 25
14 49
16 6
16 20
16 26
17 15
18 9
18 31
18 32
19 1
19 3
19 16
20 27
21 9
21 30
21 37
22 0
22 15
22 26
22 34
23 6
23 14
23 28
23 42
24 30
24 37
25 13
25 23
25 42
26 5
27 12
28 31
28 35
28 44
28 49
29 48
30 37
30 39
31 14
32 4
32 7
32 31
32 49
33 1
33 11
34 44
35 0
36 12
37 2
37 11
39 8
39 37
39 42
40 10
40 16
40 30
40 31
41 19
42 22
43 31
43 44
44 45
45 7
46 7
47 17
47 33
48 4
48 22
48 41
48 44
48 47
49 19
